2 4 6 7 9 11 12 14 15 16 17 18 20 26 27 30 31 32
1 3 4 5 6 7 9 10 12 13 15 17 18 20 21 22 24 25 26 27 31 33
5 8 9 10 12 13 14 19 21 23 25 26 27 29 31 34
2 3 4 5 7 9 10 13 14 15 19 24 25 26 27 28 31 35
1 2 3 5 6 10 11 12 14 15 16 17 18 21 23 24 26 36
0 1 3 8 11 12 14 17 19 21 22 25 31 37
3 4 5 9 11 12 16 22 26 27 30 38
0 1 4 6 7 9 10 11 14 19 20 22 25 26 29 30 31 39
2 10 11 12 15 19 20 23 24 25 26 27 30 40
0 2 3 4 6 7 11 12 13 14 21 22 25 41
4 6 7 8 9 14 16 17 21 23 26 27 29 30 31 42
0 1 2 3 4 5 7 8 9 11 15 18 19 21 22 24 25 26 27 28 31 43
0 6 9 10 11 14 16 19 22 23 25 26 29 30 31 44
2 3 4 5 7 8 9 10 13 15 17 18 19 20 21 22 24 26 27 28 30 45
2 7 10 11 13 15 16 21 24 25 26 27 28 30 31 46
2 3 6 7 10 13 14 15 17 20 26 27 28 47
2 4 10 15 17 18 20 23 25 27 29 48
0 1 2 4 5 6 7 9 10 11 13 14 17 20 21 24 26 27 31 49
2 4 7 9 10 14 15 16 17 18 19 23 24 28 29 30 31 50
1 2 3 8 9 16 24 25 27 28 29 30 31 51
1 4 6 8 10 13 14 17 19 20 21 22 23 25 26 27 29 52
0 2 4 5 6 8 9 11 16 17 18 19 20 23 27 28 30 53
2 3 4 9 11 13 17 18 19 20 21 22 24 26 29 54
0 9 10 11 14 15 19 20 24 26 27 30 31 55
0 1 2 4 6 9 12 13 14 20 21 22 28 29 31 56
0 1 2 5 6 7 8 9 11 15 16 17 19 21 23 25 26 28 30 57
11 14 16 20 21 22 23 26 31 58
3 4 5 6 8 9 11 13 15 16 17 18 19 22 24 25 26 27 30 59
0 1 3 8 9 10 12 15 18 19 21 24 26 27 30 60
4 12 13 17 18 20 26 27 29 61
2 3 4 8 9 10 11 13 18 19 20 22 25 27 28 29 31 62
0 1 4 5 6 8 12 13 14 16 17 19 21 22 24 26 28 29 30 63
1 2 3 4 5 6 7 9 10 12 18 19 20 22 29 64
1 2 4 5 7 9 10 11 13 14 15 18 20 24 26 30 31 65
1 2 9 10 11 12 14 17 18 22 24 29 30 66
1 2 4 5 7 11 14 16 17 18 22 25 28 30 31 67
2 4 5 7 9 12 13 15 20 24 25 26 27 28 31 68
6 8 9 11 12 13 21 25 27 30 31 69
0 3 4 5 7 9 10 12 14 15 16 19 20 22 25 28 31 70
0 2 3 8 9 11 12 15 16 17 18 19 20 21 22 24 25 26 27 28 29 30 31 71
2 3 4 5 9 12 13 15 16 18 21 22 25 26 30 72
1 3 4 5 6 7 10 16 21 22 24 28 30 73
1 6 7 9 10 11 13 14 15 20 21 22 23 26 27 29 30 74
2 7 8 9 12 13 15 16 17 19 20 21 24 27 28 29 31 75
0 1 2 10 12 14 16 17 19 21 23 24 26 28 30 76
1 6 8 9 11 12 15 16 17 19 22 23 24 25 27 28 30 77
0 1 4 5 8 13 15 16 17 18 22 26 27 28 31 78
0 1 7 10 11 12 15 19 20 21 22 23 25 26 27 28 29 79
1 2 3 4 5 7 8 10 12 13 14 15 16 19 20 21 26 29 30 80
3 5 6 7 15 17 18 24 27 28 29 30 31 81
0 2 5 6 7 12 16 17 21 22 24 25 26 30 31 82
1 2 4 5 6 12 15 17 18 20 24 26 27 29 31 83
1 2 3 4 5 7 8 13 15 16 17 21 23 25 28 29 31 84
1 3 4 5 9 11 12 13 14 15 18 21 22 25 27 28 29 30 31 85
4 5 6 7 9 11 12 14 15 17 19 20 23 24 25 27 29 86
2 3 4 10 11 15 18 22 23 24 27 30 31 87
4 7 8 9 10 11 13 15 16 17 18 19 20 21 27 29 31 88
0 1 3 5 7 8 10 11 12 13 14 15 24 25 26 28 29 30 31 89
1 2 3 4 5 8 10 12 14 17 18 19 20 22 23 24 25 27 29 90
0 1 4 5 6 8 13 14 16 17 19 22 28 29 30 91
1 2 4 5 8 9 12 14 19 22 24 25 26 28 31 92
3 7 8 11 13 14 19 20 21 24 25 93
0 1 9 11 13 16 18 22 26 27 28 29 31 94
1 2 3 4 6 7 8 9 10 12 14 15 16 18 24 26 28 29 31 95
0 1 2 5 6 7 10 11 12 13 14 17 20 23 25 29 30 96
2 3 5 7 10 11 13 14 15 17 20 22 23 24 25 26 27 28 29 97
2 3 4 6 7 9 10 11 14 15 18 19 20 21 22 25 30 98
0 1 3 5 7 8 9 10 14 15 16 19 21 22 23 27 30 99
0 2 4 7 9 10 11 12 14 16 18 19 21 22 23 26 27 30 31 100
0 2 7 8 10 11 13 15 16 18 19 30 31 101
0 1 3 5 7 11 12 14 15 16 19 20 21 22 23 25 26 102
3 4 5 7 9 10 11 12 13 15 17 18 23 24 25 27 28 103
4 5 7 9 12 13 14 18 22 23 27 30 31 104
4 6 9 10 13 17 18 21 24 25 26 29 31 105
0 1 3 6 7 10 13 15 19 20 21 22 23 24 25 26 28 106
0 2 3 7 9 10 11 12 13 15 17 19 20 23 26 29 31 107
7 8 11 13 14 16 18 19 21 23 24 25 27 28 31 108
1 2 3 4 8 9 10 13 16 19 20 21 23 26 27 28 29 109
2 5 8 9 10 11 13 15 17 19 21 22 26 27 31 110
1 9 12 13 14 15 17 18 20 23 26 30 31 111
0 1 6 9 11 13 14 15 17 19 22 24 28 29 30 112
1 3 5 7 8 9 10 11 14 15 16 17 18 22 23 26 27 30 31 113
0 2 3 4 5 6 8 9 10 11 12 13 16 17 22 23 24 25 26 30 31 114
0 5 8 9 12 17 18 19 20 25 27 30 31 115
3 4 5 6 9 10 11 12 15 22 23 25 27 28 31 116
1 2 3 4 6 7 9 10 11 12 13 14 17 18 19 20 21 22 23 27 29 30 31 117
0 1 4 6 7 9 11 13 14 18 21 22 23 28 30 118
0 1 3 5 7 8 9 10 12 15 16 17 19 24 27 29 30 119
0 10 11 12 15 16 17 19 20 24 28 30 31 120
1 2 4 8 10 12 17 18 20 21 24 25 26 27 28 30 31 121
0 1 6 7 8 9 11 13 14 15 17 19 25 29 30 122
2 5 6 8 9 10 12 17 18 20 21 24 25 26 27 29 31 123
1 3 4 7 9 12 18 22 23 24 25 28 30 124
0 3 4 5 7 9 10 12 13 14 15 16 18 23 24 25 30 125
1 2 3 7 9 13 14 17 18 25 26 28 29 30 31 126
0 2 17 18 19 22 23 127